201851001
201851002
201851003
201851004
201851005
201851006
201851007
201851008
201851009
201851010
201851011
201851012
201851013
201851014
201851015
201851016
201851017
201851018
201851019
201851020
201851021
201851022
201851023
201851024
201851025
201851026
201851027
201851028
201851029
201851030
201851031
201851032
201851033
201851034
201851035
201851036
201851037
201851038
201851039
201851040
201851041
201851042
201851043
201851044
201851045
201851046
201851047
201851048
201851049
201851050
201851051
201851052
201851053
201851054
201851055
201851056
201851057
201851058
201851059
201851060
201851061
201851062
201851063
201851064
201851065
201851066
201851067
201851068
201851069
201851070
201851071
201851072
201851073
201851074
201851075
201851076
201851077
201851078
201851079
201851080
201851081
201851082
201851083
201851084
201851085
201851086
201851087
201851088
201851089
201851090
201851091
201851092
201851093
201851094
201851095
201851096
201851097
201851098
201851099
201851100
201851101
201851102
201851103
201851104
201851105
201851106
201851107
201851108
201851109
201851110
201851111
201851112
201851113
201851114
201851115
201851116
201851117
201851118
201851119
201851120
201851121
201851122
201851123
201851124
201851125
201851126
201851127
201851128
201851129
201851130
201851131
201851132
201851133
201851134
201851135
201851136
201851137
201851138
201851139
201851140
201851141
201851142
201851143
201851144
201851145
201851146
201851147
201851148
201851149
201851150
201851151
201851152
201851153
201851154
201851155
201851156
201851157
201851158
201851159
201851160
201851161
201851162
201851163
201851164
201851165
201851166
201851167
201851168
201851169